STATIONS_ID;MESS_DATUM_BEGINN;MESS_DATUM_ENDE;QN_4;JA_N;JA_TT;JA_TX;JA_TN;JA_FK;JA_SD_S;JA_MX_FX;JA_MX_TX;JA_MX_TN;QN_6;JA_RR;JA_MX_RS;eor
       1303;18880101;18881231;    5;  -999;   8.38;    -999;    -999;-999;-999;-999;-999;-999;-999;-999;-999;eor
       1303;18890101;18891231;    5;  -999;   9.17;    -999;    -999;-999;-999;-999;-999;-999;-999;-999;-999;eor
       1303;18900101;18901231;    5;  -999;   8.58;    -999;    -999;-999;-999;-999;-999;-999;-999;-999;-999;eor
       1303;18910101;18911231;    5;  -999;   9.02;    -999;    -999;-999;-999;-999;-999;-999;-999;-999;-999;eor
       1303;18920101;18921231;    5;  -999;   9.17;    -999;    -999;-999;-999;-999;-999;-999;-999;-999;-999;eor
       1303;18930101;18931231;    5;  -999;   9.99;    -999;    -999;-999;-999;-999;-999;-999;-999;-999;-999;eor
       1303;18940101;18941231;    5;  -999;  10.22;    -999;    -999;-999;-999;-999;-999;-999;-999;-999;-999;eor
       1303;18950101;18951231;    5;  -999;   9.54;    -999;    -999;-999;-999;-999;-999;-999;-999;-999;-999;eor
       1303;18960101;18961231;    5;  -999;   9.67;    -999;    -999;-999;-999;-999;-999;-999;-999;-999;-999;eor
       1303;18980101;18981231;-999;-999;-999;-999;-999;-999;-999;-999;-999;-999;    5;   864.0;-999;eor
       1303;18990101;18991231;-999;-999;-999;-999;-999;-999;-999;-999;-999;-999;    5;   855.0;-999;eor
       1303;19000101;19001231;-999;-999;-999;-999;-999;-999;-999;-999;-999;-999;    5;   950.0;-999;eor
       1303;19010101;19011231;    5;  -999;   9.12;    -999;    -999;-999;-999;-999;-999;-999;    5;   902.0;-999;eor
       1303;19020101;19021231;    5;  -999;   8.38;    -999;    -999;-999;-999;-999;-999;-999;    5;   948.0;-999;eor
       1303;19030101;19031231;    5;  -999;   9.61;    -999;    -999;-999;-999;-999;-999;-999;    5;   953.0;-999;eor
       1303;19040101;19041231;    5;  -999;   9.42;   13.39;    5.32;-999;-999;-999;-999;-999;    5;   715.0;-999;eor
       1303;19050101;19051231;    5;  -999;   9.14;   12.65;    5.47;-999;-999;-999;-999;-999;    5;   999.0;-999;eor
       1303;19060101;19061231;    5;  -999;   9.52;   13.17;    5.72;-999;-999;-999;-999;-999;    5;  1040.0;-999;eor
       1303;19070101;19071231;    5;  -999;   9.19;   12.81;    5.14;-999;-999;-999;-999;-999;    5;   777.0;-999;eor
       1303;19080101;19081231;    5;  -999;   9.03;   12.67;    4.94;-999;-999;-999;-999;-999;    5;   882.0;-999;eor
       1303;19090101;19091231;    5;  -999;   8.87;   12.23;    4.93;-999;-999;-999;-999;-999;    5;   944.0;-999;eor
       1303;19100101;19101231;    5;  -999;   9.98;   13.44;    6.21;-999;-999;-999;-999;-999;    5;  1021.0;-999;eor
       1303;19110101;19111231;    5;  -999;  10.64;   14.30;    6.48;-999;-999;-999;-999;-999;    5;   676.0;-999;eor
       1303;19120101;19121231;    5;  -999;   9.72;   13.12;    6.13;-999;-999;-999;-999;-999;    5;  1118.0;-999;eor
       1303;19130101;19131231;    5;  -999;  10.14;   13.59;    6.87;-999;-999;-999;-999;-999;    5;   932.0;-999;eor
       1303;19140101;19141231;    5;  -999;   9.73;   13.26;    6.14;-999;-999;-999;-999;-999;    5;  1009.0;-999;eor
       1303;19150101;19151231;    5;  -999;   9.09;   12.54;    5.33;-999;-999;-999;-999;-999;    5;   915.0;-999;eor
       1303;19160101;19161231;    5;  -999;   9.52;   12.78;    6.29;-999;-999;-999;-999;-999;    5;   992.0;-999;eor
       1303;19170101;19171231;    5;  -999;   8.49;   12.07;    4.96;-999;-999;-999;-999;-999;    5;   889.0;-999;eor
       1303;19180101;19181231;    5;  -999;   9.77;   13.24;    6.19;-999;-999;-999;-999;-999;    5;   907.0;-999;eor
       1303;19190101;19191231;    5;  -999;   8.46;   11.99;    4.93;-999;-999;-999;-999;-999;    5;   896.0;-999;eor
       1303;19200101;19201231;    5;  -999;   9.85;   13.66;    6.28;-999;-999;-999;-999;-999;    5;   892.0;-999;eor
       1303;19210101;19211231;    5;  -999;  10.27;   14.50;    6.11;-999;-999;-999;-999;-999;    5;   638.0;-999;eor
       1303;19220101;19221231;    5;  -999;   8.57;   12.01;    4.86;-999;-999;-999;-999;-999;    5;   951.0;-999;eor
       1303;19230101;19231231;    5;  -999;   9.26;   12.59;    5.66;-999;-999;-999;-999;-999;    5;  1086.0;-999;eor
       1303;19240101;19241231;    5;  -999;   9.02;   12.53;    5.43;-999;-999;-999;-999;-999;    5;  1040.0;-999;eor
       1303;19250101;19251231;    5;  -999;   9.20;   13.07;    5.63;-999;-999;-999;-999;-999;    5;  1188.0;-999;eor
       1303;19260101;19261231;    5;  -999;  10.02;   13.42;    6.42;-999;-999;-999;-999;-999;    5;  1187.0;-999;eor
       1303;19270101;19271231;    5;  -999;   9.22;   12.63;    5.58;-999;-999;-999;-999;-999;-999;-999;-999;eor
       1303;19280101;19281231;    5;  -999;   9.36;   13.45;    5.12;-999;-999;-999;-999;-999;-999;-999;-999;eor
       1303;19290101;19291231;    5;  -999;   8.78;    -999;    4.59;-999;-999;-999;-999;-999;-999;-999;-999;eor
       1303;19300101;19301231;    5;  -999;   9.86;   13.79;    6.17;-999;-999;-999;-999;-999;-999;-999;-999;eor
       1303;19310101;19311231;    5;  -999;   8.63;   12.81;    4.72;-999;-999;-999;-999;-999;-999;-999;-999;eor
       1303;19320101;19321231;    5;  -999;   9.44;   13.33;    5.57;-999;-999;-999;-999;-999;-999;-999;-999;eor
       1303;19330101;19331231;    5;  -999;   8.84;   13.37;    4.76;-999;-999;-999;-999;-999;-999;-999;-999;eor
       1303;19340101;19341231;    5;  -999;  10.38;   14.24;    7.42;-999;-999;-999;-999;-999;-999;-999;-999;eor
       1303;19350101;19351231;    5;  5.57;   9.64;   13.13;    5.93;    2.56;-999;-999;  29.7; -10.2;    5;   748.3;   33.9;eor
       1303;19360101;19361231;    5;  5.54;   9.47;   13.00;    5.85;    2.54; 1525.30;-999;  30.4;  -9.4;    5;   919.2;   67.6;eor
       1303;19380101;19381231;    5;  5.35;   9.84;   13.37;    6.47;    3.22; 1591.00;-999;  32.5; -14.8;    5;  1016.7;   60.1;eor
       1303;19390101;19391231;    5;  5.44;   9.77;   13.24;    6.36;    2.99; 1498.60;-999;  31.2;  -9.5;    5;   838.0;   25.9;eor
       1303;19400101;19401231;    5;  5.24;   8.24;   11.97;    4.59;    3.00; 1516.70;-999;  27.9; -17.5;    5;   938.4;   71.5;eor
       1303;19410101;19411231;    5;  5.52;   8.78;   12.46;    5.40;    2.91; 1430.10;-999;  33.0; -15.0;    5;   805.5;   30.3;eor
       1303;19420101;19421231;    5;  5.38;   8.60;   12.42;    5.23;    3.10; 1551.90;-999;  31.7; -24.0;    5;   693.2;   24.5;eor
       1303;19430101;19431231;    5;  5.49;  10.05;   13.93;    6.50;    3.06; 1656.50;-999;  33.4;  -8.8;    5;   702.3;   23.1;eor
       1303;19440101;19441231;    5;  5.85;   9.35;   12.82;    6.07;    3.25; 1321.30;-999;  35.0;  -8.8;    5;  1037.0;   25.5;eor
       1303;19470101;19471231;-999;-999;-999;-999;-999;-999;-999;-999;-999;-999;    5;   679.9;   23.9;eor
       1303;19480101;19481231;    5;  5.36;  10.48;   14.03;    7.04;    2.42; 1658.50;-999;  32.2; -10.2;    5;   823.1;   23.1;eor
       1303;19490101;19491231;    5;  4.94;  10.49;   14.31;    6.74;    2.66; 1912.00;-999;  31.4;  -6.6;    5;   700.8;   61.6;eor
       1303;19500101;19501231;    5;  5.57;   9.77;   13.25;    6.34;    3.07; 1676.00;-999;  30.7; -14.4;    5;   801.9;   26.1;eor
       1303;19510101;19511231;    5;  5.47;   9.98;   13.66;    6.50;    3.08; 1605.30;-999;  29.8;  -4.3;    5;   848.9;   24.3;eor
       1303;19520101;19521231;-999;-999;-999;-999;-999;-999;-999;-999;  32.9;  -6.9;-999;-999;   54.5;eor
       1303;19530101;19531231;    5;  5.53;  10.13;   13.74;    6.62;    2.83; 1487.40;-999;  30.9; -13.0;    5;   652.5;   35.5;eor
       1303;19540101;19541231;    5;  5.47;   9.13;   12.50;    5.80;    3.19; 1476.50;-999;  29.5; -15.1;    5;   924.2;  109.8;eor
       1303;19550101;19551231;    5;  5.35;   8.96;   12.46;    5.42;    2.95; 1572.60;-999;  30.6; -13.5;    5;   728.1;   20.4;eor
       1303;19560101;19561231;    5;  5.65;   8.15;   11.55;    4.91;    2.96; 1228.30;-999;  28.5; -18.2;    5;  1005.5;   33.0;eor
       1303;19570101;19571231;    5;  5.65;   9.98;   13.39;    6.56;    3.02; 1465.80;-999;  33.9;  -8.1;    5;   971.8;   26.0;eor
       1303;19580101;19581231;    5;  5.87;   9.45;   12.76;    6.06;    2.98; 1365.00;-999;  28.7; -10.2;    5;   991.2;   30.0;eor
       1303;19590101;19591231;    5;  4.57;  10.77;   14.84;    6.64;    2.81; 1973.50;-999;  34.5;  -6.3;    5;   573.0;   32.3;eor
       1303;19600101;19601231;    5;  5.87;   9.81;   13.14;    6.64;    2.97; 1288.50;-999;  29.2; -11.5;    5;  1026.1;   35.6;eor
       1303;19610101;19611231;    5;  5.54;  10.25;   13.77;    6.87;    2.94; 1319.40;-999;  31.5; -10.0;    5;  1131.6;   81.7;eor
       1303;19620101;19621231;    5;  5.62;   8.20;   11.56;    4.91;    3.01; 1192.50;-999;  28.6; -11.8;    5;   791.3;   31.6;eor
       1303;19630101;19631231;    5;  5.33;   8.27;   11.93;    4.55;    2.86; 1431.60;-999;  31.1; -16.7;    5;   760.4;   26.2;eor
       1303;19640101;19641231;    5;  5.37;   9.58;   13.20;    5.78;    2.86; 1593.50;-999;  33.9;  -9.0;    5;   702.3;   37.9;eor
       1303;19650101;19651231;    5;  5.72;   8.82;   12.22;    5.62;    2.72; 1347.20;-999;  27.9;  -7.8;    5;  1128.6;   29.0;eor
       1303;19660101;19661231;    5;  5.95;   9.79;   13.06;    6.84;    2.54; 1305.90;-999;  31.1; -11.5;    5;  1223.4;   35.8;eor
       1303;19670101;19671231;    5;  5.57;  10.06;   13.40;    6.98;    2.71; 1502.20;-999;  31.0;  -7.5;    5;   949.9;   29.1;eor
       1303;19680101;19681231;    5;  5.80;   9.40;   12.61;    6.48;    2.61; 1333.80;-999;  31.0; -13.0;    5;   931.9;   38.0;eor
       1303;19690101;19691231;    5;  5.52;   9.41;   12.76;    6.37;    2.63; 1437.10;-999;  31.5;  -9.9;    5;   837.1;   25.8;eor
       1303;19700101;19701231;    5;  5.75;   9.28;   12.43;    6.33;    2.78; 1431.10;-999;  29.7; -10.6;    5;  1029.7;   25.6;eor
       1303;19710101;19711231;    5;  5.20;   9.91;   13.28;    6.68;    2.64; 1631.00;  27.8;  30.2; -11.2;    5;   775.4;   38.3;eor
       1303;19720101;19721231;    5;  5.31;   9.23;   12.53;    6.07;    2.79; 1469.60;  32.9;  32.6; -11.9;    5;   768.5;   27.7;eor
       1303;19730101;19731231;    5;  5.40;   9.64;   13.07;    6.33;    2.74; 1513.40;  28.8;  31.4; -11.1;    5;   726.1;   29.5;eor
       1303;19740101;19741231;    5;  5.81;   9.95;   13.31;    6.76;    2.88; 1297.00;  31.9;  31.7;  -4.0;    5;  1170.8;   51.3;eor
       1303;19750101;19751231;    5;  5.43;  10.14;   13.59;    6.86;    2.56; 1561.80;  24.5;  31.7;  -6.3;    5;   774.9;   24.1;eor
       1303;19760101;19761231;    5;  5.01;  10.16;   13.72;    6.70;    2.65; 1770.60;  28.5;  34.3; -10.9;    5;   666.9;   27.0;eor
       1303;19770101;19771231;    5;  5.80;   9.86;   13.04;    6.92;    2.64; 1306.20;  28.3;  30.1;  -5.0;    5;   902.4;   23.7;eor
       1303;19780101;19781231;    5;  5.80;   9.04;   12.27;    6.13;    2.63; 1256.60;  28.8;  30.5; -16.7;    5;   829.5;   30.4;eor
       1303;19790101;19791231;    5;  5.79;   8.77;   12.17;    5.83;    2.54; 1289.20;  25.7;  29.8; -16.7;    5;  1007.6;   32.5;eor
       1303;19800101;19801231;    5;  5.52;   9.18;   12.55;    6.22;    2.64; 1451.70;  25.7;  30.4;  -8.4;    5;   987.7;   45.1;eor
       1303;19810101;19811231;   10;  5.90;   9.33;   12.70;    6.43;    2.57; 1241.10;  26.2;  30.7; -10.9;   10;  1163.0;   46.0;eor
       1303;19820101;19821231;   10;  5.13;  10.44;   14.00;    7.30;    2.46; 1674.70;  28.8;  31.0; -14.1;   10;   878.2;   30.0;eor
       1303;19830101;19831231;   10;  5.23;  10.33;   13.82;    7.19;    2.59; 1566.50;  33.4;  33.3;  -8.1;   10;   898.7;   24.7;eor
       1303;19840101;19841231;   10;  5.54;   9.49;   12.76;    6.62;    2.69; 1386.00;  35.0;  31.3;  -6.1;   10;  1150.5;   45.2;eor
       1303;19850101;19851231;   10;  5.56;   8.52;   11.89;    5.54;    2.71; 1486.90;  25.7;  31.1; -14.5;   10;   911.2;   25.9;eor
       1303;19860101;19861231;   10;  5.38;   9.09;   12.46;    5.82;    2.87; 1569.80;  29.3;  32.7; -15.9;   10;  1058.4;   35.5;eor
       1303;19870101;19871231;   10;  5.78;   8.76;   11.97;    5.77;    2.50; 1343.20;-999;  30.5; -17.1;   10;  1078.5;   30.3;eor
       1303;19880101;19881231;   10;  5.88;  10.20;   13.42;    7.28;    2.65; 1336.10;  29.9;  28.6;  -6.5;   10;  1001.9;   36.3;eor
       1303;19890101;19891231;   10;  4.88;  10.97;   14.62;    7.52;    2.23; 1870.70;  26.8;  31.7;  -4.7;   10;   816.3;   23.7;eor
       1303;19900101;19901231;   10;  5.33;  10.75;   14.23;    7.42;    2.36; 1694.00;  41.2;  34.3;  -3.2;   10;   890.3;   40.0;eor
       1303;19910101;19911231;   10;  5.13;   9.72;   13.29;    6.35;    2.18; 1652.90;  29.3;  32.8; -12.8;    9;   761.0;   43.7;eor
       1303;19920101;19921231;   10;  5.27;  10.53;   14.02;    7.25;    2.26; 1590.30;  34.5;  32.0;  -6.9;    9;   933.9;   32.3;eor
       1303;19930101;19931231;   10;  5.40;   9.78;   13.20;    6.58;    2.49; 1548.70;  39.1;  28.9;  -9.9;    9;   991.8;   46.1;eor
       1303;19940101;19941231;   10;  5.53;  10.89;   14.45;    7.58;    2.79;-999;-999;  35.2;  -9.2;    9;   992.2;   36.0;eor
       1303;19950101;19951231;   10;  5.41;  10.48;   14.18;    7.12;-999; 1562.50;  26.8;  34.5;  -9.9;    9;   865.6;   33.6;eor
       1303;19960101;19961231;   10;  5.40;   8.54;   12.05;    5.29;    2.78; 1537.80;-999;  31.3; -14.4;    9;   780.3;   53.1;eor
       1303;19970101;19971231;   10;  5.34;  10.30;   14.05;    6.87;-999; 1684.20;-999;  32.1; -16.4;    9;   854.2;   29.9;eor
       1303;19980101;19981231;   10;  5.93;  10.13;   13.52;    7.13;    3.03; 1223.30;  30.9;  32.3;  -9.0;    9;  1252.2;   48.5;eor
       1303;19990101;19991231;   10;  5.57;  10.91;   14.53;    7.59;    2.95; 1570.30;  28.0;  30.7;  -9.1;    9;  1109.9;   34.0;eor
       1303;20000101;20001231;   10;  -999;  10.96;   14.42;    7.94;    2.78;-999;-999;  33.1;  -7.8;    9;  1024.2;   47.6;eor
       1303;20010101;20011231;    3;  -999;  10.19;   13.62;    6.93;-999; 1418.60;-999;  33.5;  -7.8;-999;-999;-999;eor
       1303;20020101;20021231;    3;  5.55;  10.69;   14.15;    7.30;-999;-999;-999;  33.6;  -9.8;    9;  1051.7;   33.5;eor
       1303;20030101;20031231;    3;  -999;  10.68;   14.70;    6.69;    2.28;-999;-999;  36.6; -11.6;    9;   784.5;   30.2;eor
       1303;20040101;20041231;    3;  5.62;   9.89;   13.53;    6.43;    2.30; 1461.80;-999;  32.0;  -6.0;    9;  1072.9;   54.9;eor
       1303;20050101;20051231;    3;  5.56;  10.33;   13.96;    6.80;-999; 1628.30;-999;  31.4;  -9.9;    9;  1023.4;   38.1;eor
       1303;20060101;20061231;    3;  5.56;  10.77;   14.29;    7.38;-999; 1604.60;-999;  34.8;  -9.0;    9;   861.9;   27.3;eor
       1303;20070101;20071231;    3;  5.72;  10.98;   14.46;    7.58;    2.36; 1518.00;  29.0;  33.5;  -6.8;    9;  1077.3;   32.6;eor
       1303;20080101;20081231;    3;  -999;  10.42;   13.93;    7.11;-999; 1546.40;  27.2;  32.5;  -6.2;    9;  1011.5;   38.5;eor
       1303;20090101;20091231;    9;  -999;  10.51;   14.10;    6.90;    2.36; 1666.00;  21.4;  34.8; -14.1;    9;   947.3;   37.4;eor
       1303;20100101;20101231;    9;  6.06;   9.09;   12.52;    5.70;    2.38; 1484.40;  26.7;  34.1; -11.5;    9;   891.0;   42.7;eor
       1303;20110101;20111231;    3;  5.66;  11.12;   14.88;    7.54;    2.48; 1776.40;  21.7;  33.5;  -7.3;    9;   875.5;   49.1;eor
       1303;20120101;20121231;    3;  -999;  10.27;   13.76;    6.89;    2.46; 1540.60;-999;  36.4; -13.9;    9;   833.5;   25.9;eor
       1303;20130101;20131231;    9;  -999;   9.72;   13.10;    6.40;    2.44; 1421.10;  23.0;  34.9;  -9.2;    9;   801.7;   33.9;eor
       1303;20140101;20141231;    9;  -999;  11.65;   15.20;    8.30;-999; 1562.20;-999;  33.4;  -5.4;    9;   858.2;   47.6;eor
       1303;20150101;20151231;    9;  5.72;  10.92;   14.54;    7.32;    2.49; 1727.80;  23.3;  36.1;  -4.2;    9;   941.2;   32.5;eor
       1303;20160101;20161231;    9;  -999;  10.77;   14.34;    7.39;    2.40; 1593.70;  23.7;  33.5;  -6.5;    9;   837.2;   35.2;eor
       1303;20170101;20171231;    3;  -999;  10.92;   14.42;    7.43;-999; 1515.40;-999;  33.8;  -7.2;    9;   925.4;   29.9;eor
       1303;20180101;20181231;    3;  -999;  11.79;   15.77;    7.83;    2.42; 1994.17;  29.7;  35.6;  -9.1;    9;   642.6;   26.2;eor
       1303;20190101;20191231;    3;  -999;  11.44;   15.30;    7.70;    2.44; 1750.86;  27.5;  40.0;  -5.0;    9;   905.8;   37.5;eor
       1303;20200101;20201231;    3;  -999;  11.84;   15.66;    7.99;    2.54; 1849.41;  26.2;  35.2;  -4.0;-999;-999;-999;eor
